,,2344,
,,1504,
,,1532,
,,1573,
,,1627,
,,1633,
,,1607,
,,1619,
,,1600,
,,1575,
,,1547,
,,1546,
,,1580,
,,1894,
,,2324,
,,2288,
,,1621,
,,2550,
,,1709,
,,1576,
,,1578,
,,1577,
,,1555,
,,1546,
,,1587,
,,1618,
,,1844,
,,2027,
,,2218,
,,2054,
,,2293,
,,2065,
,,1720,
,,1546,
,,1783,
,,1789,
,,1732,
,,1630,
,,1650,
,,1910,
,,2262,
,,1698,
,,1661,
,,1694,
,,1613,
,,1812,
,,1700,
,,1810,
,,1712,
,,1698,
,,1836,
,,1702,
,,1691,
,,1714,
,,1685,
,,1789,
,,1885,
,,1635,
,,1672,
,,1677,
,,1653,
,,1669,
,,1622,
,,1679,
,,1680,
,,1668,
,,1590,
,,1586,
,,1654,
,,1621,
,,1668,
,,1683,
,,1680,
,,1631,
,,1664,
,,1704,
,,1717,
,,1589,
,,1619,
,,1622,
,,1621,
,,1690,
,,1678,
,,1883,
,,1900,
,,1672,
,,1650,
,,1618,
,,1586,
,,1587,
,,1690,
,,1642,
,,1664,
,,1807,
,,1673,
,,1672,
,,1619,
,,1619,
,,1587,
,,1586,
